CustomerID,UnitPrice
0,3.8861538461538543
900,3.228523002421307
1800,3.5651630434782597
1890,3.4
2700,3.4432397003745403
2790,3.011501272264636
3600,2.5440358744394627
3690,5.200743494423796
4500,2.7923214285714297
4590,2.876150793650796
5400,2.338446115288222
5490,2.377294685990335
6300,3.1211666666666678
6390,3.039153605015682
7200,2.793460076045628
7290,2.9461274509803883
8100,3.436901140684415
8190,3.6880285714285757
9090,3.808442437923262
9990,3.195143325143315
10890,3.449506172839502
11790,3.8501052104208435
11880,4.144193548387097
12690,3.773625218914195
12780,2.8885328185328176
13590,3.2985059760956283
13680,3.3148591549295756
14490,3.4502721088435337
14580,2.759839572192513
15390,2.449567307692305
15480,2.9339249999999995
16290,2.995787878787881
16380,2.998457278481014
17190,3.4647626841243957
17280,3.363475862068963
18090,5.495263157894738
18180,3.137795698924732
19080,2.998037676609115
19179,3.3353846153846174
19980,3.295837104072406
20880,2.7777715091678448
20979,2.0481249999999998
21780,3.306946428571443
21870,3.477073170731705
21969,1.79
22680,3.2571770972037335
22770,3.643913043478261
22779,2.567083333333333
22869,3.6523913043478258
23580,4.0983864118896065
23670,3.487828054298647
23769,2.4499999999999997
24480,2.990714285714283
24570,3.0696226415094334
24579,2.727777777777778
24669,1.784262295081967
25380,2.8204244031830266
25470,2.8000735294117693
25479,2.1
25569,5.26111111111111
26280,2.8673333333333395
26370,3.37494845360825
26469,1.4481818181818182
27180,2.551058823529411
27270,2.453421750663134
27369,2.47549019607843
28080,4.52
28170,3.4474033149171315
28179,1.5699999999999998
28269,2.7265000000000006
29070,2.9102356902356985
29169,2.648936170212766
29970,2.667388316151211
30069,3.5486153846153843
30870,3.378514851485147
30969,2.566759259259259
31770,3.844742547425483
31860,2.870761904761904
31869,2.4819999999999998
31959,7.581428571428572
32670,3.3890453834115846
32760,2.082115384615385
32769,2.971844660194174
32859,2.5260344827586207
33570,2.8338011695906467
33660,2.6995833333333326
33669,3.389230769230771
33759,3.4386363636363617
34470,3.039696969696967
34560,3.678243902439028
34569,1.4605714285714286
34659,1.431935483870968
35370,2.5857357357357396
35460,2.6203643724696395
35469,1.6672222222222217
35559,2.2836718749999974
36270,3.1091428571428588
36360,4.056118143459916
36369,3.2841176470588245
36459,2.5315441176470577
37170,2.406688102893889
37260,2.5803980099502515
37269,1.5943589743589746
37359,2.0597468354430393
38070,3.610344827586207
38160,3.5438944723618144
38169,1.891578947368421
38259,2.0507042253521117
39060,2.8785060240963913
39159,3.270947368421052
39960,3.879187675070024
40059,3.099590909090908
40860,3.5578656126482273
40959,2.7836477987421384
41760,2.905506756756758
41850,2.0373684210526317
41859,3.6936363636363634
41949,1.923648648648649
42660,3.540549450549457
42750,2.6416949152542366
42759,3.339711538461537
42849,3.836363636363637
43560,3.997041884816762
43650,3.919781250000004
43659,2.968461538461539
43749,2.5847107438016517
44460,3.633757575757576
44550,2.9140109890109867
44559,2.9196875000000007
44649,2.3451388888888887
45360,3.936448275862072
45450,4.738739130434781
45459,3.3818662952646275
45549,3.866930232558144
46260,2.340740740740739
46350,3.1616666666666666
46359,3.5399999999999983
46449,3.389349593495938
47160,3.0550920245398765
47250,3.0443493150684966
47259,3.242608695652174
47349,2.1731134564643777
48060,2.5714814814814817
48150,2.9232777777777743
48159,4.949999999999999
48249,3.0032905982905973
49050,2.607683823529414
49149,3.559614711033284
49950,3.116584507042254
50049,3.518047999999999
50850,3.3295588235294225
50949,3.3760818713450282
51750,3.4633163265306153
51840,2.608125
51849,4.309917355371908
51939,3.371884057971017
52650,3.800000000000006
52740,3.070526315789473
52749,2.6002023121387303
52839,2.311794871794872
53550,3.2080357142857117
53640,1.8092857142857148
53649,1.9203809523809514
53739,3.9940298507462666
54450,3.5576499189627317
54540,3.060558659217875
54549,2.9015555555555537
54639,3.296216216216214
55350,2.980805687203792
55440,3.741600000000001
55449,1.9886567164179094
55539,3.1833118971061123
56250,2.097453183520595
56340,3.896763925729444
56349,3.719095477386938
56439,3.3118292682926875
57150,1.7765671641791052
57240,2.319638554216867
57249,2.402285714285715
57339,3.4327167630057875
58050,2.93945652173913
58140,3.2048051948051945
58149,1.174050632911393
58239,3.8570486111111157
59040,2.7979810725552086
59139,3.078464419475665
59940,2.784675925925926
60039,2.6332377538829235
60840,3.322566371681414
60939,2.578395061728402
61740,3.214533333333332
61830,3.9333333333333322
61839,2.4256097560975602
61929,2.147333333333333
62640,3.094545454545452
62730,2.9414285714285717
62739,3.3329597701149427
62829,2.966026200873365
63540,2.8176086956521726
63630,2.9254545454545453
63639,2.9892555331992026
63729,2.3332478632478617
64440,2.537608695652174
64530,4.038197674418608
64539,2.7712533333333362
64629,3.2113618677042792
65340,2.7837500000000004
65430,1.8835714285714291
65439,3.8017131474103594
65529,3.249438775510205
66240,3.6372916666666644
66330,1.7173684210526317
66339,3.562670157068066
66429,3.3700943396226424
67140,1.6713793103448273
67230,10.240952380952379
67239,4.566351351351351
67329,4.669292035398237
68040,2.0311111111111106
68130,5.929036144578311
68139,3.1709307359307384
68229,4.187886435331243
69030,3.5912713936430394
69129,3.2220852641334505
69930,2.8287356321839066
70029,2.7523214285714355
70830,2.0297260273972593
70929,2.934516129032257
71730,3.451515151515151
71820,2.355
71829,3.4932236095346116
71919,4.639999999999996
72630,2.655
72729,2.3483703703703775
72819,2.8303759398496204
73530,3.07
73620,2.688787878787878
73629,3.295820689655163
73719,3.3752593917710287
74430,5.993582089552237
74529,3.1273793103448373
74619,3.122576419213975
75330,1.571111111111111
75420,2.991111111111111
75429,2.929140893470791
75519,3.5160755813953473
76230,3.338571428571428
76320,8.342857142857142
76329,2.5992192192192207
76419,3.4345876288659825
77130,5.134545454545455
77220,1.6430097087378628
77229,2.1654761904761908
77319,2.899171974522296
78030,1.65
78120,8.5
78129,2.175396825396823
78219,3.3819960079840397
79020,2.4974999999999996
79119,3.1951189245087916
79920,3.9573076923076917
80019,3.285214007782091
80820,1.248
80919,3.0830088495575194
81819,3.152185128983317
81909,3.8789473684210534
82719,3.4111992263056194
82809,2.9329104477611914
83619,5.518214285714295
83709,3.1789108910891066
84519,4.214395604395609
84609,2.7401851851851853
85419,3.2856697247706466
85509,3.9788904109589063
86319,4.9928571428571455
86409,3.2225490196078463
87219,3.406853932584272
87309,2.346824324324328
88119,3.318596491228069
88209,4.900790190735702
89109,3.227073170731711
90009,3.072177161152604
90909,3.811628392484318
91809,2.847157894736845
91899,3.3136
92709,3.3963319946452453
92799,2.3332608695652177
93609,3.1861643835616453
93699,2.5410071942446004
94509,2.806595744680848
94599,2.1043064182194633
95409,2.976456953642387
95499,4.294128166915038
96309,3.3041573033707894
96399,3.752710743801666
97209,2.6105813953488353
97299,3.0803971119133586
98109,5.349230769230771
98199,3.8539438700147657
99099,3.0669908814589637
99999,2.8984473684210577
100899,3.2076751592356714
101799,3.18211087420043
101889,2.5040869565217387
102699,4.155816513761455
102789,3.5079183673469405
103599,4.300330843116342
103689,3.2026031746031776
104499,3.7337325174825033
104589,2.9460377358490533
105399,2.9085714285714337
105489,3.197277777777777
106299,2.6660931899641582
106389,3.057184265010357
107199,3.114030418250953
107289,3.39279069767442
108099,5.491454545454546
108189,2.7528739002932547
109089,2.732832214765114
109989,3.262584745762722
110889,3.2346749999999997
111789,3.7140648011781945
111879,2.388666666666667
112689,3.7220725388601035
112779,4.332861635220137
113589,3.99552795031056
113679,3.310438596491227
114489,3.044628571428575
114579,3.273943217665622
115389,3.163851851851851
115479,2.619865900383144
116289,3.8479487179487135
116379,3.84959761549926
117189,2.631355932203388
117279,3.8779059829059928
118089,2.2924242424242425
118179,2.793859649122812
119079,2.721464379947236
119178,2.17
119979,3.069078431372552
120078,3.3
120879,2.7405444444444504
120978,2.9523809523809534
121779,3.0761732851985673
121869,2.4406250000000007
121968,1.62
122679,3.4937614678899087
122769,2.5511627906976737
122778,2.189677419354839
122868,1.866
123579,4.131973293768547
123669,4.158856015779097
123768,1.8942857142857146
124479,2.995745856353588
124569,2.667004048582994
124578,7.425
124668,3.505102040816327
125379,2.388119658119655
125469,3.09825242718447
125478,1.6771428571428573
125568,2.6243999999999996
126279,2.784684210526312
126369,3.076192504258952
126468,2.1887499999999998
127179,3.2003589743589744
127269,3.964469026548679
127368,3.796842105263157
128079,1.98
128169,3.6321419009370746
128178,2.30264705882353
128268,1.8323333333333338
129069,4.3941430948419296
129168,3.661666666666663
129969,3.850727713765929
130068,3.1138938053097323
130869,2.9645853658536625
130968,4.146759966072953
131769,3.65938618925832
131859,3.9252499999999992
131868,2.936181818181817
131958,2.088421052631579
132669,4.5650860927152355
132759,3.8231707317073162
132768,3.0656451612903193
132858,2.1592857142857143
133569,3.6979130434782657
133659,3.418672566371679
133668,1.2433333333333334
133758,2.4312500000000004
134469,3.8927777777777868
134559,2.6965084745762757
134568,3.3412903225806443
134658,2.5773076923076923
135369,2.422682926829266
135459,2.7177288135593205
135468,3.929166666666667
135558,3.1799999999999993
136269,3.543589743589748
136359,3.732162162162166
136368,3.1395833333333343
136458,2.105907473309608
137169,3.6066666666666674
137259,3.838485915492965
137268,4.230000000000001
137358,3.120696202531642
138069,3.470899742930595
138159,4.2641730769230834
138168,2.95
138258,4.82068345323741
139059,3.540177935943062
139158,1.8904255319148937
139959,3.389320512820516
140058,3.2571334792122664
140859,3.430807600950122
140958,3.0101581027668036
141759,3.8732073011733967
141849,8.840714285714286
141858,2.4123529411764717
141948,2.9612500000000006
142659,3.1691481481481554
142749,2.497115384615385
142758,2.7954887218045075
142848,3.3387969924812015
143559,3.6165723793677227
143649,3.004732142857143
143658,2.5535999999999985
143748,3.6687692307692306
144459,2.5567335243553035
144549,2.9859999999999975
144558,2.444819277108432
144648,2.3664935064935047
145359,2.68127659574468
145449,3.875000000000001
145458,2.675595238095237
145548,3.2921538461538438
146259,3.0696969696969716
146349,3.4178205128205112
146358,4.21787671232877
146448,2.7693820224719063
147159,2.578673469387754
147249,2.7570125786163535
147258,2.2945238095238096
147348,2.885217391304353
148059,3.7259259259259268
148149,2.6766494845360786
148158,3.0500000000000003
148248,3.65198863636364
149049,3.575373961218845
149148,2.979446308724837
149949,2.461164021164025
150048,4.272526408450709
150849,3.55008077544427
150948,3.2985346534653526
151749,3.8840601503759418
151839,1.45
151848,3.9099999999999993
151938,2.8105185185185166
152649,3.3303396226415054
152739,2.923214285714285
152748,2.6182386363636354
152838,2.6286956521739135
153549,2.5597237569060756
153639,2.2256338028169025
153648,4.029014598540148
153738,3.678961038961037
154449,3.4287375415282457
154539,3.409572649572651
154548,4.239571428571429
154638,3.820948275862069
155349,3.297682926829266
155439,2.3774450549450585
155448,2.8889221556886175
155538,3.049819277108434
156249,2.199122807017545
156339,3.582499999999999
156348,2.447651515151514
156438,3.2845669291338573
157149,2.6690384615384586
157239,2.281367924528299
157248,3.0935294117647056
157338,3.5523648648648627
158049,2.6980000000000004
158139,2.877647058823528
158148,2.9153571428571436
158238,4.297900262467204
159039,2.925229357798173
159138,3.286902002107486
159939,2.2948095238095227
160038,3.1670508474576313
160839,3.5150515463917547
160938,3.412450331125829
161739,4.177567567567567
161829,2.765555555555556
161838,3.869581589958171
161928,2.702957746478871
162639,1.2016666666666669
162729,2.8280000000000003
162738,2.986583710407245
162828,3.8506578947368424
163539,3.682393162393159
163629,4.1625
163638,3.183636363636363
163728,3.627777777777776
164439,3.096666666666666
164529,2.483375
164538,3.9500000000000077
164628,2.4219680851063807
165339,2.316354166666665
165429,5.104479166666666
165438,2.8358333333333348
165528,3.720293159609136
166239,3.3790322580645165
166329,1.8435042735042728
166338,2.3601941747572797
166428,2.9297305389221577
167139,2.6393750000000002
167229,2.9004166666666626
167238,2.305465838509317
167328,3.1853714285714307
168039,2.4899999999999998
168129,5.862051282051282
168138,3.7503125
168228,4.0174926686216965
169029,3.0023529411764702
169128,2.767050147492633
169929,4.112203389830505
170028,2.8295840554592777
170829,3.7459633027522914
170928,2.7109813084112244
171729,1.4704761904761898
171819,2.004
171828,3.4013053613053685
171918,6.030476190476191
172629,2.5821739130434787
172728,3.6474785100286486
172818,3.2811627906976715
173529,0.0
173628,4.229019189765472
173718,2.8588124999999995
174429,5.131578947368422
174528,3.6833417085427045
174618,2.7857734806629817
175329,4.562727272727272
175419,2.0892105263157896
175428,3.25409836065574
175518,2.9120652173913073
176229,5.3726666666666665
176319,1.9022222222222223
176328,3.492532894736849
176418,4.00093264248706
177129,2.7372727272727277
177219,2.8583333333333325
177228,3.636111111111111
177318,2.931943661971835
178128,1.7457575757575758
178218,2.321690476190478
179019,1.7016666666666669
179118,2.684435075885339
180018,3.087962466487923
180819,5.703333333333333
180918,3.2191033138401677
181818,3.336964892412219
181908,2.1592253521126747
182718,3.830192307692317
182808,3.911782065834275
183618,3.211726907630528
183708,3.016529680365312
184518,4.0640959409593895
184608,2.657142857142855
185418,2.568402061855674
185508,3.515267175572518
186318,3.505558685446007
186408,3.123826429980285
187218,2.9298351648351657
187308,2.413127753303963
188118,3.013999999999999
188208,2.4940819672131163
189108,3.721242829827923
190008,2.932409867172666
190908,3.990166666666675
191808,2.7754216867469967
191898,4.298902305159181
192708,3.0067723342939354
192798,2.659371069182389
193608,3.898920187793436
193698,3.0101315789473673
194508,3.061141304347837
194598,2.6213471502590635
195408,2.543875968992246
195498,4.454103260869552
196308,2.6290476190476166
196398,4.056178660049639
197208,2.657950530035334
197298,3.0805364511691966
198108,2.48910447761194
198198,3.7266708074534187
199098,3.5578605769230895
199998,2.8787604166666543
200898,3.089773584905673
201798,3.4270142180094743
201888,1.9646666666666666
202698,2.4139685658153276
202788,4.099639639639648
203598,2.6042187499999967
203688,2.5152866242038203
204498,3.214773662551444
204588,2.4623076923076894
205398,3.546411149825786
205488,2.585601659751041
206298,3.076454545454545
206388,2.8463738019169393
207198,3.564870129870127
207288,3.3117014925373165
208098,1.6605882352941175
208188,4.309065040650413
209088,3.9885805422647547
209988,3.2375957446808497
210888,3.243442113442116
211788,3.2251829268292607
211878,2.4713333333333334
212688,3.322601156069375
212778,2.2502000000000004
213588,3.77027196652721
213678,5.3279138321995605
214488,3.3273451327433605
214578,3.668906976744192
215388,3.304392156862742
215478,2.4289766081871322
216288,2.6338367346938796
216378,3.2204315196998206
217188,2.7953947368421064
217278,3.5346226415094413
218088,3.0784276729559736
218178,3.5897412480974213
219078,3.4130379746835477
219177,7.1
219978,2.7156301652892525
220878,3.650392788151952
220977,3.35
221778,2.981202185792352
221868,2.895454545454546
221877,4.550000000000001
221967,4.16
222678,2.737588235294115
222768,2.810876494023907
222777,2.1114285714285717
222867,2.2479411764705888
223578,2.9671990171990203
223668,3.6866317991631856
223767,1.7538095238095242
224478,2.182711496746206
224568,3.539240924092411
224577,2.0900000000000003
224667,2.05375
225378,4.7357469244288275
225468,2.9293154034229887
225477,4.96
225567,2.3767567567567562
226278,2.364619883040934
226368,3.3876483050847543
226467,4.338670033670044
227178,3.1527173913043485
227268,2.4073291925465865
227277,0.6422727272727274
227367,2.876
228078,4.079709302325581
228168,3.1469740634005827
228177,3.5651562499999985
228267,1.7746666666666664
229068,2.9318918918918873
229167,2.1997222222222224
229968,3.3115780730897098
230067,2.4122222222222223
230868,3.0023333333333393
230967,2.3349999999999995
231768,3.0552607709750625
231858,4.447333333333333
231867,3.7667777777777776
231957,1.8207692307692307
232668,3.6637971014492807
232758,3.156097560975606
232767,2.652380952380953
232857,2.4749999999999996
233568,2.9955691056910605
233658,4.024373464373469
233667,3.3626944444444504
233757,3.285
234468,2.8210833333333314
234558,3.794525139664807
234567,2.792692307692308
234657,1.9136666666666668
235368,2.8111249999999983
235458,3.0699277978339357
235467,2.7631818181818186
235557,2.2647058823529416
236268,2.703552631578946
236358,3.28445054945055
236367,3.075
236457,3.902881355932201
237168,2.950444444444444
237258,2.9035262206148413
237267,1.74875
237357,3.271648351648349
238068,3.4828706624605728
238158,4.509296987087526
238257,2.302111111111111
239058,3.5890390390390454
239157,2.919484536082472
239958,4.6918509615384725
240057,3.7060210210210314
240858,3.032490797546018
240957,3.972309322033903
241758,2.7634259259259357
241848,2.433333333333333
241857,2.9832835820895527
241947,2.436666666666666
242658,3.8353125000000072
242748,2.0991836734693887
242757,4.61658536585365
242847,1.9550000000000003
243558,3.7046064139941772
243648,2.8621874999999988
243657,3.2899052132701443
243747,2.5636363636363635
244458,2.6631999999999976
244548,3.939366197183096
244557,4.339137529137531
244647,2.3394660194174737
245358,3.2673809523809734
245448,3.117534246575342
245457,3.6605999999999987
245547,3.2177319587628883
246258,3.18534562211982
246348,3.126396761133613
246357,2.4653465346534618
246447,3.4168601583113527
247158,3.5821447028423803
247248,3.7400309597523225
247257,2.151104294478527
247347,4.210578034682086
248058,2.285294117647059
248148,3.859250000000004
248157,3.037272727272727
248247,3.1414004914004967
249048,3.149281250000003
249147,3.370810810810815
249948,2.5644716981132167
250047,2.8118952618453887
250848,3.704558823529412
250947,3.687204899777293
251748,2.888881118881119
251838,1.355
251847,3.635482093663917
251937,3.7238461538461554
252648,3.170743718592967
252738,3.3653999999999997
252747,3.5017567567567562
252837,2.778750000000001
253548,3.3279144385026735
253638,2.3190370370370337
253647,2.8391840000000106
253737,2.965376344086016
254448,2.4084172661870484
254538,3.7233055555555596
254547,2.885420560747659
254637,3.2284734513274413
255348,2.5383870967741937
255438,2.863655913978494
255447,3.348630136986302
255537,2.709532163742687
256248,5.1344186046511595
256338,3.381470588235292
256347,3.1165740740740744
256437,4.695597920277307
257148,1.8433870967741934
257238,2.299198312236286
257247,2.9630000000000005
257337,2.4527551020408147
258048,2.9450000000000003
258138,1.583636363636363
258147,3.303454545454546
258237,3.575256797583088
259038,2.4052631578947357
259137,3.4211634349030513
259938,3.007361111111111
260037,2.6647418478260922
260838,4.055220588235294
260937,3.4627061855670163
261738,2.359494949494949
261828,0.36
261837,3.0500683371298454
261927,4.212068965517242
262638,3.533513513513513
262728,3.522222222222222
262737,3.2148475609756146
262827,2.6106214689265506
263538,1.978571428571426
263628,2.901249999999998
263637,3.7146153846153864
263727,2.691267605633802
264438,3.1573913043478257
264528,4.213658536585365
264537,3.244135338345867
264627,2.916759259259263
265338,3.413888888888889
265428,1.976086956521735
265437,3.675037220843685
265527,2.8071969696969683
266238,2.419473684210526
266328,1.3799999999999997
266337,2.7466467065868287
266427,3.288237410071948
267138,2.3375555555555563
267228,2.817647058823529
267237,2.500457516339867
267327,2.8981593406593444
268038,3.861111111111111
268128,2.113207547169811
268137,5.153999999999997
268227,4.178972099853161
269028,2.972095808383229
269127,3.5433040935672553
269928,3.5297826086956516
270027,2.721772334293958
270828,2.872615384615388
270927,2.597750929368035
271728,2.6700000000000013
271818,2.6148484848484856
271827,3.7398418972332177
271917,4.346034482758619
272628,3.5139622641509427
272727,3.038996282527886
272817,3.127559055118108
273528,2.5325000000000006
273618,12.75
273627,3.061958568738229
273717,3.2069345238095277
274428,4.395714285714288
274518,1.72
274527,2.825189189189193
274617,3.4390934449093398
275328,7.05
275418,4.7076190476190485
275427,3.705575221238939
275517,3.1956807511737155
276228,2.3025
276318,6.563720930232554
276327,2.6816901408450695
276417,3.6746666666666763
277128,1.9162068965517238
277218,3.2791666666666663
277227,3.4068181818181813
277317,2.591768558951973
278028,2.2810000000000006
278127,3.6161946902654853
278217,3.4246498599439854
279018,1.8528571428571428
279117,2.635322245322244
280017,3.078907563025218
280818,2.920645161290323
280917,2.9841854636591467
281817,3.6914657666345243
281907,3.0357142857142856
282717,2.92173151750974
282807,2.613127413127412
283617,3.053305785123978
283707,3.178756855575873
284517,3.517013422818803
284607,5.188141592920353
285417,3.5279646017699164
285507,3.126976744186047
286317,3.25062913907285
286407,2.94064338235295
287217,3.145436893203882
287307,3.645840277777793
288117,4.2971111111111115
288207,3.108536231884067
289107,3.60067650676506
290007,3.409802721088443
290907,3.5076963350785277
291807,3.6622576530612188
291897,2.639333333333332
292707,3.0363053097345145
292797,3.8122480620155073
293607,3.0987276785714317
293697,3.66895408163266
294507,2.941256038647343
294597,2.357696629213482
295407,2.989044834307993
295497,4.802517985611519
296307,3.1564928909952616
296397,2.935733532934138
297207,2.8420937499999983
297297,2.732040404040406
298107,1.6613114754098366
298197,3.511621093750007
299097,3.888089887640441
299997,2.9120967741935435
300897,2.5828597785977805
301797,2.4595785440613027
301887,2.49706896551724
302697,2.711807817589583
302787,3.604362934362935
303597,3.1357845433255314
303687,4.387771084337354
304497,3.1165616797900326
304587,2.9891379310344828
305397,3.4643749999999978
305487,3.2386769230769277
306297,3.034545454545459
306387,4.063989361702138
307197,2.92958456973294
307287,4.0146285714285765
308097,3.171847389558233
308187,4.191170351105324
309087,3.566906474820148
309987,3.651382488479245
310887,2.8567843631778107
311787,3.3985512367491286
311877,2.10195652173913
312687,4.317988980716263
312777,3.3980000000000006
313587,3.3638736842105343
313677,3.3985714285714255
314487,2.656833333333332
314577,2.592830188679244
315387,2.6980480905233453
315477,2.564627450980392
316287,3.771075697211156
316377,3.3580185758514025
317187,2.8162499999999993
317277,3.4847595861229603
318087,3.6769841269841264
318177,3.110098328416927
319077,2.783552941176479
319977,3.3657508731082606
320877,2.648591836734698
320976,3.5733333333333337
321777,3.0147971781305207
321867,1.25
322677,4.048413173652699
322767,2.7277358490566046
322776,4.208076923076924
322866,2.0847619047619057
323577,2.9900000000000087
323667,2.4928434504792336
323766,3.926923076923077
324477,2.7800618556701067
324567,2.740878661087864
324576,3.0575
324666,4.464
325377,2.412439024390241
325467,3.315649350649351
325566,1.808421052631579
326277,2.8583892617449638
326367,3.294290429042918
326376,3.35
326466,2.746883116883116
327177,3.7986524822695027
327267,3.1489610389610423
327366,1.568
328077,3.023059701492537
328167,3.0978125000000047
328176,2.05375
328266,5.259499999999999
329067,3.460428396572826
329166,4.551208791208788
329967,3.062632275132275
330066,2.85890625
330867,2.624631043257005
330966,3.750541338582693
331767,2.7745150501672313
331857,3.512222222222223
331866,2.8494047619047596
331956,1.25
332667,4.058891050583672
332757,4.157083333333332
332766,2.348118811881187
332856,2.9092682926829263
333567,2.009222797927459
333657,2.648951612903224
333666,2.871851851851852
333756,3.1916666666666664
334467,3.4640643274853824
334557,4.427067669172932
334566,4.799687499999999
334656,1.917727272727273
335367,2.8560063897763612
335457,2.5326720647773264
335466,2.5597777777777777
335556,1.925
336267,4.088076923076924
336357,3.4200852272727302
336366,3.2562962962962967
336456,2.449263157894738
337167,3.646179775280897
337257,3.472282229965165
337266,1.6510227272727251
337356,2.382888888888886
338067,3.3593258426966264
338157,3.8962813370473524
338256,2.905
339057,3.2050847457627154
339156,1.872296296296296
339957,4.206342281879196
340056,3.755893854748605
340857,3.0409302325581447
340956,3.457781350482317
341757,3.7852820512820524
341847,4.08346153846154
341856,2.9267479674796717
341946,3.0839999999999974
342657,3.435763157894745
342747,3.248148148148149
342756,1.7742857142857142
342846,3.4061702127659568
343557,2.457704918032788
343647,2.58315789473684
343656,2.722326530612243
343746,1.9157333333333335
344457,2.959594594594594
344547,2.566678445229684
344556,3.622826086956522
344646,3.0614492753623175
345357,4.447880184331799
345447,3.7080555555555605
345456,3.3656470588235265
345546,3.614081632653061
346257,2.9577083333333327
346347,3.1118497109826624
346356,4.375292587776351
346446,2.401038647343
347157,2.8946249999999973
347247,2.7137572254335214
347256,2.01
347346,3.551208907741264
348057,2.293478260869566
348147,3.163208020050139
348246,3.9577551020408186
349047,2.7190855457227174
349146,3.385227568270486
349947,2.882311111111112
350046,3.2497457627118647
350847,3.640254237288132
350946,2.81954545454546
351747,3.7824031007752
351837,1.8930000000000002
351846,3.821699346405225
351936,2.568461538461539
352647,2.5272935779816486
352737,2.1438356164383547
352746,3.7676775648252723
352836,2.8652459016393443
353547,3.524999999999999
353637,3.005522388059699
353646,3.6320945945946046
353736,3.1335866261398206
354447,2.9995604395604385
354537,3.846343283582085
354546,3.4887037037037008
354636,3.2050515463917595
355347,2.7938518518518496
355437,4.16227272727273
355446,2.4609941520467826
355536,2.5103977272727254
356247,2.8356012658227883
356337,2.6017721518987345
356346,3.368628571428571
356436,3.1636334405144733
357147,2.992
357237,3.0471428571428576
357246,2.045714285714286
357336,3.905544041450793
358047,2.6599999999999997
358137,2.5890769230769224
358146,2.502727272727273
358236,3.8538912133891277
359037,2.9337769784172707
359136,2.7076540284360258
359937,3.319527186761234
360036,2.8142595673876944
360837,2.915161290322581
360936,3.210138888888886
361737,2.703571428571428
361836,3.419617755856979
361926,3.0808333333333326
362637,3.74483870967742
362727,1.25
362736,2.6544512195121936
362826,4.109028340080976
363537,3.6660422960725185
363627,4.19904761904762
363636,3.098211920529798
363726,4.92375451263538
364437,3.0217142857142862
364527,6.1155303030303
364536,2.944438775510211
364626,3.7752941176470607
365337,1.9502127659574477
365427,1.7658333333333331
365436,4.324460784313726
365526,2.4603115264797495
366237,4.350241935483868
366327,2.5827450980392133
366336,3.6491836734693965
366426,3.0581578947368415
367137,4.95
367227,2.9389552238805963
367236,4.376902439024393
367326,3.7781000000000033
368037,3.9710714285714297
368127,2.914666666666667
368136,3.012857142857143
368226,3.1119188767550767
369027,2.454741935483872
369126,2.715813333333334
369927,3.6648717948717944
370026,2.8550323974082126
370827,3.2200000000000006
370926,3.2375365344467677
371727,3.1017647058823528
371826,3.2892597968069714
371916,3.833409090909089
372627,2.520151515151516
372726,3.0293586005830924
372816,2.356046511627905
373527,4.655217391304348
373626,3.131893617021282
373716,3.8115384615384613
374427,3.896818181818182
374517,0.7066666666666667
374526,2.9444880174292036
374616,3.274656488549616
375327,0.0
375417,1.6012195121951225
375426,3.9724999999999993
375516,2.5981879194630855
376227,5.183333333333333
376317,2.2676666666666674
376326,2.0624596774193544
376416,2.9488604353393133
377127,4.3761904761904775
377217,3.157777777777778
377226,3.7087499999999993
377316,3.4240942928039795
378027,1.3726415094339623
378126,2.385333333333333
378216,2.9783081570997
379017,2.408333333333333
379116,3.1969457364341145
380016,2.7264300626304863
380817,2.717142857142857
380916,2.9552090592334577
381816,3.752838709677415
381906,3.130405405405406
382716,4.075710455764088
382806,2.8165284974093243
383616,2.8723323013415856
383706,2.8804
384516,4.186977578475314
384606,2.511754385964913
385416,2.955347593582887
385506,3.5082933333333295
386316,4.23476973684211
386406,3.14170642201835
387216,2.3844444444444446
387306,2.638457350272237
388116,3.370487804878049
388206,2.7038318912237367
389106,3.6944395604395504
390006,2.5048331415420027
390906,3.329884559884555
391806,3.6811744186046367
391896,2.2826595744680866
392706,2.6342241379310325
392796,3.6220853080568736
393606,2.1835889570552123
393696,3.0625503355704673
394506,2.8527499999999986
394596,2.6240287769784194
395406,2.748749999999998
395496,3.2354659248956854
396306,2.495231788079468
396396,3.315704845814985
397206,2.763818181818181
397296,3.0696815286624233
398106,2.249000000000001
398196,3.5593023255813985
399096,2.5870270270270264
399996,3.000201149425292
400896,3.100191387559809
401796,2.7400859598853913
401886,2.436086956521739
402696,3.6954096385542203
402786,1.1757692307692307
403596,3.573177966101698
403686,5.052129032258073
404496,4.1443529411764874
404586,2.8115926892950456
405396,2.3753403141361225
405486,3.8436639118457183
406296,2.587842639593912
406386,2.7035472972972983
407196,3.242175925925926
407286,3.3324218750000045
408096,3.18273148148148
408186,3.6240287769784216
409086,3.330476190476196
409986,3.0908853681267403
410886,3.663821478382153
411786,3.066368563685641
411876,2.782612612612611
412686,2.926957328385907
412776,3.330404217926189
413586,3.166860465116287
413676,2.4897872340425535
414486,2.9536553030303057
414576,2.67056756756757
415386,3.0537121212121194
415476,3.600584415584415
416286,3.34968992248062
416376,3.165043478260879
417186,2.438991596638655
417276,3.197255734919282
418086,2.9647500000000013
418176,3.0444691780821995
419076,3.412861356932158
419976,2.954954648526073
420876,3.0945502645502696
421776,3.512500000000007
421866,4.110454545454545
422676,3.340291666666667
422766,2.991870967741932
423576,2.905792811839327
423666,3.2694712643678243
424476,2.9837423312883455
424566,2.9762469135802516
425376,2.76223744292238
425466,3.454629629629637
426276,3.0747380952381005
426366,2.8286868686868667
427176,3.927560975609754
427266,3.3001109877913453
428076,2.9248275862068978
428166,2.825223048327146
429066,2.8978821656051097
429966,2.6335858585858576
430866,3.2110911270983173
431766,3.1443649815043133
431856,3.624772727272726
432666,3.570752688172048
432756,3.8950851581508648
433566,2.40720238095238
433656,2.9601273885350294
434466,3.4595530726257
434556,3.035401069518716
435366,3.1107746478873235
435456,3.007802816901409
436266,3.1979187817258916
436356,3.3635982008995557
437166,2.5242639593908693
437256,3.980288065843626
437355,1.7333333333333334
438066,2.6213265306122455
438156,2.7013829787234065
438255,0.62
439056,3.2260692771084396
439155,4.7760869565217385
439956,3.2844969199178697
440055,1.4641860465116283
440856,3.591403508771931
440955,3.8865517241379317
441756,4.915688545688555
441846,2.7008163265306124
441855,7.95
441945,4.284285714285714
442656,3.0878472222222246
442746,2.7886029411764675
442755,1.9933333333333332
442845,11.204545454545455
443556,3.655812949640291
443646,2.4814062499999983
443655,3.164
443745,3.0100000000000002
444456,3.0717218543046347
444546,2.7791935483870964
444555,3.107142857142857
444645,2.3781666666666665
445356,5.4669934640522895
445446,2.8558260869565197
445545,3.3190476190476197
446256,4.117058823529409
446346,3.295857988165677
446355,2.131111111111112
446445,3.2913333333333337
447156,3.2587499999999983
447246,2.752159624413144
447255,0.0
447345,2.3602097902097876
448056,3.302666666666667
448146,3.1361600000000007
448245,3.5740000000000003
449046,2.564187327823694
449145,2.872328042328041
449946,3.6829156010230277
450045,4.711145038167943
450846,3.7439341692789982
450945,2.347272727272727
451746,1.9063076923076925
451836,2.8950000000000005
451845,2.2841379310344823
451935,3.1990000000000003
452646,3.0040384615384585
452736,3.240740740740742
452745,2.6124050632911393
452835,7.53048780487805
453546,4.279471947194723
453636,3.3104285714285693
453645,5.431882352941177
453735,3.1740909090909097
454446,2.3837499999999996
454536,2.2314649681528644
454545,4.573333333333333
454635,1.9038461538461537
455346,2.428532110091741
455436,2.2721875000000007
455445,2.0244444444444443
455535,4.5459999999999985
456246,4.804074074074071
456336,2.5398245614035084
456345,3.473333333333334
456435,4.033636363636363
457146,3.8079787234042595
457236,3.9222598870056498
457245,4.576470588235294
457335,4.4700000000000015
458046,3.066
458136,3.8203614457831327
458145,99.10000000000001
458235,3.1286301369863048
459036,2.673931034482757
459135,3.3106741573033687
459936,3.1463819095477397
460035,2.5361180124223632
460836,3.953569620253171
460935,3.374347826086955
461736,1.862424242424243
461826,1.7966666666666664
461835,4.686480446927378
461925,45.287499999999994
462636,2.9917553191489357
462726,29.95
462735,2.723384615384614
462825,4.43875
463536,2.7104761904761903
463626,3.8115254237288125
463635,2.9044047619047615
463725,5.213906249999996
464436,3.147343749999996
464526,2.123297872340424
464535,3.1087692307692296
464625,1.789595959595959
465336,2.2794871794871776
465426,3.3630645161290316
465435,4.847391304347825
465525,2.591327014218006
466236,2.0656363636363637
466335,3.455428571428572
466425,1.9838181818181815
467136,2.425384615384615
467226,4.600836653386461
467235,11.758333333333333
467325,4.673711340206181
468036,1.9113333333333329
468126,3.783199999999998
468135,0.85
468225,3.2779207920792084
469026,2.1580737704918023
469125,3.242150537634408
469926,3.059565217391305
470025,4.259168026101157
470826,2.8808247422680404
470925,4.009470899470898
471726,2.3418181818181822
471816,3.2235294117647055
471825,2.6974029850746315
471915,3.8833333333333333
472626,2.669268292682928
472725,2.7271812080536884
472815,3.55
473526,2.7955172413793097
473625,2.387973568281937
473715,3.835324074074075
474426,3.143055555555557
474516,1.25
474525,2.9992857142857137
474615,3.153082191780819
475326,2.211562499999998
475416,2.7984931506849313
475425,4.150949367088612
475515,3.3253773584905684
476226,1.95
476316,3.8694444444444454
476325,2.584444444444443
476415,3.4053947368421045
477216,2.2344444444444442
477225,3.605714285714286
477315,3.8355438596491296
478026,1.3383999999999998
478215,3.1025520833333373
479016,3.7513636363636356
479115,2.815912280701764
479916,1.956315789473684
480015,3.1123888888888986
480816,2.87
480915,2.293495934959348
481815,3.944377682403445
481905,4.115
482715,1.9906938775510183
482805,2.745116279069768
483615,3.7614705882352957
483705,2.5470469798657716
484515,1.9507926829268294
484605,2.579714285714286
485415,2.6499999999999995
485505,3.9005263157894703
486315,1.8076515151515138
486405,4.087398373983742
487215,2.644117647058824
487305,3.5272274143302202
488115,1.8203749999999999
488205,2.7037339055793983
489105,3.3795945945945993
490005,3.241264755480615
490905,3.950621301775156
491805,4.2808064516129045
491895,5.307894736842106
492705,2.73075510204082
492795,2.3079710144927557
493605,2.7831506849315057
493695,3.309912280701754
494505,4.788182897862232
494595,4.239473684210526
495405,2.2518099547511286
495495,2.7059566787003635
496305,1.9939207048458139
496395,2.8390259740259722
497205,2.421818181818182
497295,3.7753654188948427
498105,3.726800000000001
498195,2.7364267990074476
499095,3.302801302931599
499995,3.0871923076923125
500895,2.912617449664428
501795,3.2595864661654135
501885,12.75
502695,2.3685000000000045
503595,3.7035971223021678
503685,4.184413407821231
504495,2.246272912423627
504585,2.439612068965515
505395,4.392869955156965
505485,2.6666379310344817
506295,2.178421052631579
506385,2.690871080139375
507195,2.8285882352941183
507285,3.2868292682926863
508095,3.470256410256411
508185,3.1713583138173425
509085,3.833977272727282
509985,3.1251886792452903
510885,3.04482233502538
511785,2.4623831775700933
511875,2.079375
512685,3.669570552147242
512775,4.933333333333333
513585,2.298532934131739
513675,3.0356756756756758
514485,2.3305755395683434
514575,2.1697683397683387
515385,3.8912213740458004
515475,3.575167682926841
516285,2.9727777777777766
516375,3.319243697478998
517185,2.222631578947368
517275,3.6565761511216164
518085,4.96125
518175,2.3434827586206914
519075,2.743186813186818
519975,2.614350649350653
520875,2.7227500000000004
521775,2.992883435582822
521865,1.2985714285714287
522675,2.8714642857142865
522765,4.233666666666666
523575,3.4078461538461515
523665,4.064155844155844
524475,2.5319672131147537
524565,2.760099502487562
525375,4.209078014184399
525465,3.1334955752212403
526275,2.2765116279069773
526365,2.7760000000000025
527175,2.769861111111113
527265,3.9201466992665
528075,2.1796428571428574
528165,3.415105932203397
529065,3.9206214689265493
529965,2.447882882882885
530865,3.02339285714286
531765,3.9190624999999977
531855,4.853846153846154
532665,3.4578733031674225
532755,3.500357142857143
533565,3.1873825503355677
533655,3.854927007299271
534465,3.4060130718954227
534555,1.8876146788990824
535365,2.79647727272727
535455,3.1260294117647054
536265,3.6614084507042235
536355,3.8268973214285835
537165,2.7179787234042565
537255,2.3870081967213097
538065,5.797777777777778
538155,4.24943396226416
539055,2.8710045662100447
539955,3.8598341625207304
540855,4.016987179487177
541755,2.7448128342245957
541845,1.6969999999999998
542655,4.337413793103446
542745,3.5187500000000003
543555,2.8239405204460977
543645,4.311387283237008
544455,2.5954639175257714
544545,3.9391071428571407
545355,3.8912587412587394
545445,3.6605079365079427
546255,2.1020720720720716
546345,3.2687272727272716
547155,4.6658333333333335
547245,2.2126815642458073
548055,4.376153846153847
548145,3.9632812499999983
549045,1.9564150943396212
549945,2.728717105263158
550845,4.125959595959597
551745,3.6396788990825724
551835,3.3839999999999995
552645,2.198543689320388
552735,1.9283333333333346
553545,3.3992957746478862
553635,2.5873722627737212
554445,3.5250000000000004
554535,3.467199999999998
555345,2.250592105263155
555435,2.1077868852459005
556245,3.5830508474576255
556335,2.044313725490196
557145,3.1841558441558444
557235,2.73816326530612
558045,2.7788461538461537
558135,2.331326530612245
559035,2.459374999999997
559935,2.57552
560835,3.2818382352941144
561735,3.3389285714285712
561825,1.6671428571428575
562635,2.7397142857142853
563535,2.227905405405404
563625,3.5749999999999997
564435,1.9611320754716985
564525,6.317044673539529
565335,3.7700000000000005
565425,1.8259999999999998
566235,1.667115384615386
566325,2.206842105263158
567135,3.3727272727272735
567225,2.949090909090907
568035,1.3896153846153847
568125,2.104882352941176
569025,2.6182352941176474
569925,2.7958536585365823
570825,2.3479166666666664
571725,2.8702803738317746
572625,2.5824637681159404
573525,2.2774107142857134
573615,2.2885714285714287
574425,0.8574999999999999
574515,1.33
575325,1.682142857142857
575415,2.7458620689655175
576225,1.4554545454545456
576315,4.748888888888889
577125,1.5912000000000004
577215,2.759811320754718
578025,2.85
579015,1.6733333333333331
580815,3.1016666666666666
